0.724216
0.165030
-0.064548
-0.231993
-0.364344
-0.472556
-0.562507
-0.637852
-0.701082
-0.754012
-0.798024
-0.834211
-0.863461
-0.886513
-0.903992
-0.916434
-0.924309
-0.928028
-0.927955
-0.924419
-0.917712
-0.908101
-0.895829
-0.881115
-0.864163
-0.845158
-0.824271
-0.801659
-0.777469
-0.751834
-0.724880
-0.696721
-0.667464
-0.637209
-0.606048
-0.574065
-0.541339
-0.507945
-0.473949
-0.439416
-0.404404
-0.368967
-0.333158
-0.297024
-0.260611
-0.223960
-0.187111
-0.150105
-0.112976
-0.075763
-0.038499
-0.001219
0.036041
0.073246
0.110361
0.147348
0.184170
0.220786
0.257153
0.293228
0.328962
0.364305
0.399202
0.433596
0.467422
0.500614
0.533099
0.564799
0.595630
0.625499
0.654311
0.681957
0.708326
0.733292
0.756724
0.778477
0.798395
0.816310
0.832037
0.845378
0.856114
0.864006
0.868793
0.870182
0.867854
0.861447
0.850558
0.834724
0.813419
0.786028
0.751826
0.709942
0.659305
0.598561
0.525936
0.438994
0.334167
0.205724
0.042989
-0.180352
