0.206589
0.084483
-0.030044
-0.138114
-0.239395
-0.333740
-0.421120
-0.501581
-0.575220
-0.642174
-0.702602
-0.756686
-0.804618
-0.846602
-0.882850
-0.913577
-0.939001
-0.959341
-0.974818
-0.985648
-0.992048
-0.994232
-0.992411
-0.986790
-0.977573
-0.964956
-0.949134
-0.930293
-0.908618
-0.884284
-0.857464
-0.828325
-0.797027
-0.763727
-0.728573
-0.691712
-0.653282
-0.613418
-0.572251
-0.529905
-0.486501
-0.442156
-0.396982
-0.351089
-0.304581
-0.257563
-0.210134
-0.162392
-0.114433
-0.066351
-0.018241
0.029807
0.077701
0.125347
0.172656
0.219533
0.265886
0.311621
0.356640
0.400847
0.444141
0.486421
0.527581
0.567514
0.606111
0.643257
0.678837
0.712731
0.744815
0.774963
0.803046
0.828929
0.852476
0.873544
0.891991
0.907666
0.920418
0.930090
0.936523
0.939551
0.939006
0.934715
0.926498
0.914172
0.897546
0.876423
0.850596
0.819849
0.783954
0.742665
0.695717
0.642813
0.583620
0.517746
0.444710
0.363893
0.274424
0.174950
0.062986
-0.067618
