0.012570
-0.070880
-0.119651
-0.170679
-0.225021
-0.282068
-0.340895
-0.400548
-0.460133
-0.518847
-0.575977
-0.630906
-0.683106
-0.732129
-0.777605
-0.819231
-0.856769
-0.890035
-0.918898
-0.943271
-0.963109
-0.978402
-0.989172
-0.995469
-0.997367
-0.994961
-0.988365
-0.977706
-0.963126
-0.944777
-0.922819
-0.897421
-0.868756
-0.837000
-0.802335
-0.764941
-0.725002
-0.682701
-0.638221
-0.591744
-0.543450
-0.493519
-0.442129
-0.389454
-0.335670
-0.280947
-0.225456
-0.169365
-0.112842
-0.056052
0.000841
0.057672
0.114278
0.170498
0.226167
0.281125
0.335208
0.388253
0.440097
0.490575
0.539524
0.586776
0.632168
0.675532
0.716702
0.755513
0.791798
0.825394
0.856138
0.883870
0.908431
0.929670
0.947439
0.961596
0.972007
0.978548
0.981105
0.979577
0.973879
0.963940
0.949711
0.931163
0.908294
0.881126
0.849714
0.814149
0.774555
0.731100
0.683998
0.633511
0.579950
0.523687
0.465147
0.404815
0.343229
0.280971
0.218632
0.156739
0.095502
0.033776
